100
32 32
54 12
52 56
8 30
44 94
44 39
65 19
51 91
1 5
89 34
25 58
20 51
38 65
30 7
20 10
51 18
43 71
97 61
26 5
57 70
65 0
75 29
86 93
87 87
64 75
88 89
100 7
40 37
38 36
44 24
46 95
43 89
32 5
15 58
77 72
95 8
38 69
37 24
27 90
77 92
31 30
80 30
37 86
33 76
21 77
100 68
37 8
22 69
81 38
94 57
76 54
65 14
89 69
4 16
24 47
7 21
78 53
17 81
39 50
22 60
93 89
94 30
97 16
65 43
20 24
67 62
78 98
42 67
32 46
49 57
60 56
44 37
75 62
17 13
11 40
40 4
95 100
0 57
82 31
0 1
56 67
30 100
64 72
66 63
18 81
19 44
2 63
81 78
91 64
91 2
70 97
73 64
97 39
21 78
70 21
46 25
54 76
92 84
47 57
46 31
150
38 31
75 40
61 21
84 51
86 41
19 21
37 58
86 100
97 73
44 67
60 90
58 13
31 49
63 44
73 76
76 77
73 16
83 100
4 67
51 56
7 36
77 10
95 28
10 57
0 54
23 60
9 48
39 40
97 69
84 35
44 25
11 83
8 61
83 12
27 100
34 0
35 10
10 96
39 87
53 5
40 42
66 15
90 71
55 87
39 5
88 49
97 100
32 4
60 81
83 53
80 16
53 14
94 29
77 99
16 29
3 22
71 35
4 61
6 25
13 11
30 0
27 94
66 25
64 92
5 47
44 85
29 63
65 89
59 41
87 41
36 57
29 7
92 33
34 64
59 47
76 55
13 2
48 46
27 12
37 99
25 48
83 20
77 13
9 35
55 62
76 57
18 72
64 10
4 64
74 63
77 15
18 91
84 32
36 77
10 39
75 35
87 23
22 30
37 31
65 58
59 7
14 78
79 45
54 83
8 94
12 86
9 97
42 93
95 44
70 5
83 10
40 36
34 62
66 71
59 97
95 18
3 8
62 48
19 15
98 28
8 9
80 84
72 21
43 66
65 79
71 13
89 78
49 22
5 14
59 65
11 53
49 81
28 77
29 47
92 26
41 66
1 20
50 73
7 59
4 72
37 76
86 25
19 0
14 24
15 73
55 93
93 3
73 87
80 68
100 37

